<?xml version="1.0"?>
<opencv_storage>
<intrinsic_Matrix type_id="opencv-matrix">
  <rows>3</rows>
  <cols>3</cols>
  <dt>d</dt>
  <data>
    8.9733476497007496e+002 0. 3.4781819942804702e+002 0.
    8.9717304170010505e+002 2.1731419641946499e+002 0. 0. 1.</data></intrinsic_Matrix>
<distortion_coefficients type_id="opencv-matrix">
  <rows>5</rows>
  <cols>1</cols>
  <dt>d</dt>
  <data>
    -3.9587611708057702e-001 1.0379182396682301e-002 0. 0.
    1.4650476391749900e+000</data></distortion_coefficients>
</opencv_storage>
